trans:
  max: 0.26060925993225914
  mean: 0.10861290339427038
  median: 0.10402747895039066
  min: 0.01696424509744776
  num_samples: 3638
  rmse: 0.11913309752437423
  std: 0.04894825984668865
